At time 1730641452.574836183
- Translation: [1.589, 0.399, 0.000]
- Rotation: in Quaternion [0.000, 0.000, -0.666, 0.746]
- Rotation: in RPY (radian) [0.000, 0.000, -1.457]
- Rotation: in RPY (degree) [0.000, 0.000, -83.484]
- Matrix:
  0.113  0.994  0.000  1.589
 -0.994  0.113 -0.000  0.399
 -0.000  0.000  1.000  0.000
  0.000  0.000  0.000  1.000
At time 1730641453.566933049
- Translation: [0.827, 0.096, 0.000]
- Rotation: in Quaternion [0.000, 0.000, -0.752, 0.659]
- Rotation: in RPY (radian) [0.000, 0.000, -1.703]
- Rotation: in RPY (degree) [0.000, 0.000, -97.570]
- Matrix:
 -0.132  0.991  0.000  0.827
 -0.991 -0.132 -0.000  0.096
 -0.000  0.000  1.000  0.000
  0.000  0.000  0.000  1.000
At time 1730641454.574875800
- Translation: [0.413, 0.023, 0.000]
- Rotation: in Quaternion [0.000, 0.000, -0.789, 0.614]
- Rotation: in RPY (radian) [0.000, 0.000, -1.820]
- Rotation: in RPY (degree) [0.000, 0.000, -104.255]
- Matrix:
 -0.246  0.969  0.000  0.413
 -0.969 -0.246 -0.000  0.023
 -0.000  0.000  1.000  0.000
  0.000  0.000  0.000  1.000
At time 1730641455.567593940
- Translation: [0.206, 0.006, 0.000]
- Rotation: in Quaternion [0.000, 0.000, -0.806, 0.592]
- Rotation: in RPY (radian) [0.000, 0.000, -1.875]
- Rotation: in RPY (degree) [0.000, 0.000, -107.444]
- Matrix:
 -0.300  0.954  0.000  0.206
 -0.954 -0.300 -0.000  0.006
 -0.000  0.000  1.000  0.000
  0.000  0.000  0.000  1.000
At time 1730641456.575559908
- Translation: [0.102, 0.001, 0.000]
- Rotation: in Quaternion [0.000, 0.000, -0.814, 0.581]
- Rotation: in RPY (radian) [0.000, 0.000, -1.903]
- Rotation: in RPY (degree) [0.000, 0.000, -109.009]
- Matrix:
 -0.326  0.945  0.000  0.102
 -0.945 -0.326 -0.000  0.001
 -0.000  0.000  1.000  0.000
  0.000  0.000  0.000  1.000
At time 1730641457.567207770
- Translation: [0.051, 0.000, 0.000]
- Rotation: in Quaternion [0.000, 0.000, -0.818, 0.575]
- Rotation: in RPY (radian) [0.000, 0.000, -1.916]
- Rotation: in RPY (degree) [0.000, 0.000, -109.764]
- Matrix:
 -0.338  0.941  0.000  0.051
 -0.941 -0.338 -0.000  0.000
 -0.000  0.000  1.000  0.000
  0.000  0.000  0.000  1.000
At time 1730641458.575315019
- Translation: [0.025, 0.000, 0.000]
- Rotation: in Quaternion [0.000, 0.000, -0.820, 0.573]
- Rotation: in RPY (radian) [0.000, 0.000, -1.922]
- Rotation: in RPY (degree) [0.000, 0.000, -110.136]
- Matrix:
 -0.344  0.939  0.000  0.025
 -0.939 -0.344 -0.000  0.000
 -0.000  0.000  1.000  0.000
  0.000  0.000  0.000  1.000
At time 1730641459.567434159
- Translation: [1.449, -0.988, 0.000]
- Rotation: in Quaternion [0.000, 0.000, -0.275, 0.961]
- Rotation: in RPY (radian) [0.000, 0.000, -0.558]
- Rotation: in RPY (degree) [0.000, 0.000, -31.944]
- Matrix:
  0.849  0.529  0.000  1.449
 -0.529  0.849 -0.000 -0.988
 -0.000  0.000  1.000  0.000
  0.000  0.000  0.000  1.000
At time 1730641460.575510332
- Translation: [2.801, -0.092, 0.000]
- Rotation: in Quaternion [0.000, 0.000, 0.004, 1.000]
- Rotation: in RPY (radian) [0.000, -0.000, 0.007]
- Rotation: in RPY (degree) [0.000, -0.000, 0.426]
- Matrix:
  1.000 -0.007  0.000  2.801
  0.007  1.000  0.000 -0.092
  0.000  0.000  1.000  0.000
  0.000  0.000  0.000  1.000
At time 1730641461.567167784
- Translation: [1.584, -0.001, 0.000]
- Rotation: in Quaternion [0.000, 0.000, 0.822, 0.569]
- Rotation: in RPY (radian) [0.000, -0.000, 1.930]
- Rotation: in RPY (degree) [0.000, -0.000, 110.606]
- Matrix:
 -0.352 -0.936  0.000  1.584
  0.936 -0.352  0.000 -0.001
  0.000  0.000  1.000  0.000
  0.000  0.000  0.000  1.000
At time 1730641462.575018480
- Translation: [-0.329, 0.485, 0.000]
- Rotation: in Quaternion [0.000, 0.000, 0.979, 0.204]
- Rotation: in RPY (radian) [0.000, -0.000, 2.731]
- Rotation: in RPY (degree) [0.000, -0.000, 156.499]
- Matrix:
 -0.917 -0.399  0.000 -0.329
  0.399 -0.917  0.000  0.485
  0.000  0.000  1.000  0.000
  0.000  0.000  0.000  1.000
At time 1730641463.566917856
- Translation: [1.629, 2.163, 0.000]
- Rotation: in Quaternion [0.000, 0.000, 0.429, 0.903]
- Rotation: in RPY (radian) [0.000, -0.000, 0.886]
- Rotation: in RPY (degree) [0.000, -0.000, 50.776]
- Matrix:
  0.632 -0.775  0.000  1.629
  0.775  0.632  0.000  2.163
  0.000  0.000  1.000  0.000
  0.000  0.000  0.000  1.000
At time 1730641464.575523304
- Translation: [3.439, 0.385, 0.000]
- Rotation: in Quaternion [0.000, 0.000, 0.008, 1.000]
- Rotation: in RPY (radian) [0.000, -0.000, 0.017]
- Rotation: in RPY (degree) [0.000, -0.000, 0.946]
- Matrix:
  1.000 -0.017  0.000  3.439
  0.017  1.000  0.000  0.385
  0.000  0.000  1.000  0.000
  0.000  0.000  0.000  1.000
At time 1730641465.567242258
- Translation: [2.645, -0.005, 0.000]
- Rotation: in Quaternion [0.000, 0.000, 0.480, 0.877]
- Rotation: in RPY (radian) [0.000, -0.000, 1.002]
- Rotation: in RPY (degree) [0.000, -0.000, 57.427]
- Matrix:
  0.538 -0.843  0.000  2.645
  0.843  0.538  0.000 -0.005
  0.000  0.000  1.000  0.000
  0.000  0.000  0.000  1.000
At time 1730641466.575484306
- Translation: [1.859, 1.494, 0.000]
- Rotation: in Quaternion [0.000, 0.000, 0.589, 0.808]
- Rotation: in RPY (radian) [0.000, -0.000, 1.260]
- Rotation: in RPY (degree) [0.000, -0.000, 72.187]
- Matrix:
  0.306 -0.952  0.000  1.859
  0.952  0.306  0.000  1.494
  0.000  0.000  1.000  0.000
  0.000  0.000  0.000  1.000
At time 1730641467.567340353
- Translation: [2.403, 1.417, 0.000]
- Rotation: in Quaternion [0.000, 0.000, 0.556, 0.831]
- Rotation: in RPY (radian) [0.000, -0.000, 1.178]
- Rotation: in RPY (degree) [0.000, -0.000, 67.495]
- Matrix:
  0.383 -0.924  0.000  2.403
  0.924  0.383  0.000  1.417
  0.000  0.000  1.000  0.000
  0.000  0.000  0.000  1.000
At time 1730641468.574205676
- Translation: [1.555, 0.361, 0.000]
- Rotation: in Quaternion [0.000, 0.000, 0.881, 0.473]
- Rotation: in RPY (radian) [0.000, -0.000, 2.156]
- Rotation: in RPY (degree) [0.000, -0.000, 123.513]
- Matrix:
 -0.552 -0.834  0.000  1.555
  0.834 -0.552  0.000  0.361
  0.000  0.000  1.000  0.000
  0.000  0.000  0.000  1.000
At time 1730641469.567071672
- Translation: [0.357, 1.286, 0.000]
- Rotation: in Quaternion [0.000, 0.000, 0.821, 0.570]
- Rotation: in RPY (radian) [0.000, -0.000, 1.928]
- Rotation: in RPY (degree) [0.000, -0.000, 110.461]
- Matrix:
 -0.350 -0.937  0.000  0.357
  0.937 -0.350  0.000  1.286
  0.000  0.000  1.000  0.000
  0.000  0.000  0.000  1.000
At time 1730641470.575473199
- Translation: [0.965, 0.851, 0.000]
- Rotation: in Quaternion [0.000, 0.000, -0.030, 1.000]
- Rotation: in RPY (radian) [0.000, 0.000, -0.060]
- Rotation: in RPY (degree) [0.000, 0.000, -3.425]
- Matrix:
  0.998  0.060  0.000  0.965
 -0.060  0.998 -0.000  0.851
 -0.000  0.000  1.000  0.000
  0.000  0.000  0.000  1.000
At time 1730641471.567339661
- Translation: [0.078, 1.639, 0.000]
- Rotation: in Quaternion [0.000, 0.000, -0.558, 0.830]
- Rotation: in RPY (radian) [0.000, 0.000, -1.184]
- Rotation: in RPY (degree) [0.000, 0.000, -67.842]
- Matrix:
  0.377  0.926  0.000  0.078
 -0.926  0.377 -0.000  1.639
 -0.000  0.000  1.000  0.000
  0.000  0.000  0.000  1.000
At time 1730641472.574633989
- Translation: [0.385, 0.466, 0.000]
- Rotation: in Quaternion [0.000, 0.000, 0.948, -0.318]
- Rotation: in RPY (radian) [0.000, -0.000, -2.495]
- Rotation: in RPY (degree) [0.000, -0.000, -142.942]
- Matrix:
 -0.798  0.603  0.000  0.385
 -0.603 -0.798  0.000  0.466
  0.000  0.000  1.000  0.000
  0.000  0.000  0.000  1.000
At time 1730641473.567711691
- Translation: [-0.032, 1.726, 0.000]
- Rotation: in Quaternion [0.000, 0.000, 0.754, 0.657]
- Rotation: in RPY (radian) [0.000, -0.000, 1.707]
- Rotation: in RPY (degree) [0.000, -0.000, 97.821]
- Matrix:
 -0.136 -0.991  0.000 -0.032
  0.991 -0.136  0.000  1.726
  0.000  0.000  1.000  0.000
  0.000  0.000  0.000  1.000
At time 1730641474.575777344
- Translation: [2.816, 1.368, 0.000]
- Rotation: in Quaternion [0.000, 0.000, 0.166, 0.986]
- Rotation: in RPY (radian) [0.000, -0.000, 0.334]
- Rotation: in RPY (degree) [0.000, -0.000, 19.160]
- Matrix:
  0.945 -0.328  0.000  2.816
  0.328  0.945  0.000  1.368
  0.000  0.000  1.000  0.000
  0.000  0.000  0.000  1.000
At time 1730641475.567592528
- Translation: [2.743, 0.170, 0.000]
- Rotation: in Quaternion [0.000, 0.000, 0.379, 0.926]
- Rotation: in RPY (radian) [0.000, -0.000, 0.777]
- Rotation: in RPY (degree) [0.000, -0.000, 44.511]
- Matrix:
  0.713 -0.701  0.000  2.743
  0.701  0.713  0.000  0.170
  0.000  0.000  1.000  0.000
  0.000  0.000  0.000  1.000
At time 1730641476.575799072
- Translation: [2.024, 1.417, 0.000]
- Rotation: in Quaternion [0.000, 0.000, 0.557, 0.830]
- Rotation: in RPY (radian) [0.000, -0.000, 1.183]
- Rotation: in RPY (degree) [0.000, -0.000, 67.763]
- Matrix:
  0.378 -0.926  0.000  2.024
  0.926  0.378  0.000  1.417
  0.000  0.000  1.000  0.000
  0.000  0.000  0.000  1.000
At time 1730641477.582127997
- Translation: [2.398, 1.294, 0.000]
- Rotation: in Quaternion [0.000, 0.000, 0.582, 0.813]
- Rotation: in RPY (radian) [0.000, -0.000, 1.243]
- Rotation: in RPY (degree) [0.000, -0.000, 71.221]
- Matrix:
  0.322 -0.947  0.000  2.398
  0.947  0.322  0.000  1.294
  0.000  0.000  1.000  0.000
  0.000  0.000  0.000  1.000
At time 1730641478.574990296
- Translation: [2.035, 1.769, 0.000]
- Rotation: in Quaternion [0.000, 0.000, 0.575, 0.818]
- Rotation: in RPY (radian) [0.000, -0.000, 1.226]
- Rotation: in RPY (degree) [0.000, -0.000, 70.249]
- Matrix:
  0.338 -0.941  0.000  2.035
  0.941  0.338  0.000  1.769
  0.000  0.000  1.000  0.000
  0.000  0.000  0.000  1.000
At time 1730641479.567214318
- Translation: [1.637, 1.671, 0.000]
- Rotation: in Quaternion [0.000, 0.000, 0.693, 0.721]
- Rotation: in RPY (radian) [0.000, -0.000, 1.532]
- Rotation: in RPY (degree) [0.000, -0.000, 87.778]
- Matrix:
  0.039 -0.999  0.000  1.637
  0.999  0.039  0.000  1.671
  0.000  0.000  1.000  0.000
  0.000  0.000  0.000  1.000
At time 1730641480.575095828
- Translation: [2.713, 1.796, 0.000]
- Rotation: in Quaternion [0.000, 0.000, 0.353, 0.936]
- Rotation: in RPY (radian) [0.000, -0.000, 0.722]
- Rotation: in RPY (degree) [0.000, -0.000, 41.375]
- Matrix:
  0.750 -0.661  0.000  2.713
  0.661  0.750  0.000  1.796
  0.000  0.000  1.000  0.000
  0.000  0.000  0.000  1.000
At time 1730641481.567318094
- Translation: [3.654, 0.840, 0.000]
- Rotation: in Quaternion [0.000, 0.000, 0.091, 0.996]
- Rotation: in RPY (radian) [0.000, -0.000, 0.182]
- Rotation: in RPY (degree) [0.000, -0.000, 10.430]
- Matrix:
  0.983 -0.181  0.000  3.654
  0.181  0.983  0.000  0.840
  0.000  0.000  1.000  0.000
  0.000  0.000  0.000  1.000
At time 1730641482.575151975
- Translation: [3.889, 0.146, 0.000]
- Rotation: in Quaternion [0.000, 0.000, -0.013, 1.000]
- Rotation: in RPY (radian) [0.000, 0.000, -0.026]
- Rotation: in RPY (degree) [0.000, 0.000, -1.498]
- Matrix:
  1.000  0.026  0.000  3.889
 -0.026  1.000 -0.000  0.146
 -0.000  0.000  1.000  0.000
  0.000  0.000  0.000  1.000
At time 1730641483.567142561
- Translation: [3.560, -0.071, 0.000]
- Rotation: in Quaternion [0.000, 0.000, -0.030, 1.000]
- Rotation: in RPY (radian) [0.000, 0.000, -0.060]
- Rotation: in RPY (degree) [0.000, 0.000, -3.429]
- Matrix:
  0.998  0.060  0.000  3.560
 -0.060  0.998 -0.000 -0.071
 -0.000  0.000  1.000  0.000
  0.000  0.000  0.000  1.000
At time 1730641484.574720077
- Translation: [0.089, 0.056, 0.000]
- Rotation: in Quaternion [0.000, 0.000, -0.024, 1.000]
- Rotation: in RPY (radian) [0.000, 0.000, -0.048]
- Rotation: in RPY (degree) [0.000, 0.000, -2.743]
- Matrix:
  0.999  0.048  0.000  0.089
 -0.048  0.999 -0.000  0.056
 -0.000  0.000  1.000  0.000
  0.000  0.000  0.000  1.000
At time 1730641485.566752494
- Translation: [1.379, 1.850, 0.000]
- Rotation: in Quaternion [0.000, 0.000, 0.908, -0.420]
- Rotation: in RPY (radian) [0.000, -0.000, -2.276]
- Rotation: in RPY (degree) [0.000, -0.000, -130.377]
- Matrix:
 -0.648  0.762  0.000  1.379
 -0.762 -0.648  0.000  1.850
  0.000  0.000  1.000  0.000
  0.000  0.000  0.000  1.000
At time 1730641486.575183896
- Translation: [3.215, 0.124, 0.000]
- Rotation: in Quaternion [0.000, 0.000, 1.000, 0.014]
- Rotation: in RPY (radian) [0.000, -0.000, 3.113]
- Rotation: in RPY (degree) [0.000, -0.000, 178.351]
- Matrix:
 -1.000 -0.029  0.000  3.215
  0.029 -1.000  0.000  0.124
  0.000  0.000  1.000  0.000
  0.000  0.000  0.000  1.000
At time 1730641487.567521948
- Translation: [3.607, -0.114, 0.000]
- Rotation: in Quaternion [0.000, 0.000, 0.999, 0.032]
- Rotation: in RPY (radian) [0.000, -0.000, 3.078]
- Rotation: in RPY (degree) [0.000, -0.000, 176.341]
- Matrix:
 -0.998 -0.064  0.000  3.607
  0.064 -0.998  0.000 -0.114
  0.000  0.000  1.000  0.000
  0.000  0.000  0.000  1.000
At time 1730641488.574633923
- Translation: [1.622, -0.646, 0.000]
- Rotation: in Quaternion [0.000, 0.000, 0.922, -0.388]
- Rotation: in RPY (radian) [0.000, -0.000, -2.344]
- Rotation: in RPY (degree) [0.000, -0.000, -134.300]
- Matrix:
 -0.698  0.716  0.000  1.622
 -0.716 -0.698  0.000 -0.646
  0.000  0.000  1.000  0.000
  0.000  0.000  0.000  1.000
At time 1730641489.567282650
- Translation: [0.589, -1.936, 0.000]
- Rotation: in Quaternion [0.000, 0.000, -0.756, 0.655]
- Rotation: in RPY (radian) [0.000, 0.000, -1.714]
- Rotation: in RPY (degree) [0.000, 0.000, -98.179]
- Matrix:
 -0.142  0.990  0.000  0.589
 -0.990 -0.142 -0.000 -1.936
 -0.000  0.000  1.000  0.000
  0.000  0.000  0.000  1.000
At time 1730641490.575044383
- Translation: [1.285, -0.369, 0.000]
- Rotation: in Quaternion [0.000, 0.000, -0.620, 0.785]
- Rotation: in RPY (radian) [0.000, 0.000, -1.337]
- Rotation: in RPY (degree) [0.000, 0.000, -76.615]
- Matrix:
  0.231  0.973  0.000  1.285
 -0.973  0.231 -0.000 -0.369
 -0.000  0.000  1.000  0.000
  0.000  0.000  0.000  1.000
At time 1730641491.567428458
- Translation: [0.236, 1.651, 0.000]
- Rotation: in Quaternion [0.000, 0.000, -0.627, 0.779]
- Rotation: in RPY (radian) [0.000, 0.000, -1.355]
- Rotation: in RPY (degree) [0.000, 0.000, -77.662]
- Matrix:
  0.214  0.977  0.000  0.236
 -0.977  0.214 -0.000  1.651
 -0.000  0.000  1.000  0.000
  0.000  0.000  0.000  1.000
At time 1730641492.575187344
- Translation: [-0.179, -0.043, 0.000]
- Rotation: in Quaternion [0.000, 0.000, 0.951, -0.310]
- Rotation: in RPY (radian) [0.000, -0.000, -2.510]
- Rotation: in RPY (degree) [0.000, -0.000, -143.826]
- Matrix:
 -0.807  0.590  0.000 -0.179
 -0.590 -0.807  0.000 -0.043
  0.000  0.000  1.000  0.000
  0.000  0.000  0.000  1.000
At time 1730641493.567637247
- Translation: [1.677, -1.740, 0.000]
- Rotation: in Quaternion [0.000, 0.000, -0.312, 0.950]
- Rotation: in RPY (radian) [0.000, 0.000, -0.635]
- Rotation: in RPY (degree) [0.000, 0.000, -36.359]
- Matrix:
  0.805  0.593  0.000  1.677
 -0.593  0.805 -0.000 -1.740
 -0.000  0.000  1.000  0.000
  0.000  0.000  0.000  1.000
At time 1730641494.575394956
- Translation: [3.250, 0.212, 0.000]
- Rotation: in Quaternion [0.000, 0.000, 0.075, 0.997]
- Rotation: in RPY (radian) [0.000, -0.000, 0.150]
- Rotation: in RPY (degree) [0.000, -0.000, 8.598]
- Matrix:
  0.989 -0.149  0.000  3.250
  0.149  0.989  0.000  0.212
  0.000  0.000  1.000  0.000
  0.000  0.000  0.000  1.000
At time 1730641495.566924076
- Translation: [3.622, 0.253, 0.000]
- Rotation: in Quaternion [0.000, 0.000, 0.045, 0.999]
- Rotation: in RPY (radian) [0.000, -0.000, 0.089]
- Rotation: in RPY (degree) [0.000, -0.000, 5.118]
- Matrix:
  0.996 -0.089  0.000  3.622
  0.089  0.996  0.000  0.253
  0.000  0.000  1.000  0.000
  0.000  0.000  0.000  1.000
At time 1730641496.575354123
- Translation: [3.594, 0.113, 0.000]
- Rotation: in Quaternion [0.000, 0.000, -0.100, 0.995]
- Rotation: in RPY (radian) [0.000, 0.000, -0.200]
- Rotation: in RPY (degree) [0.000, 0.000, -11.444]
- Matrix:
  0.980  0.198  0.000  3.594
 -0.198  0.980 -0.000  0.113
 -0.000  0.000  1.000  0.000
  0.000  0.000  0.000  1.000
At time 1730641497.566889294
- Translation: [2.005, -0.679, 0.000]
- Rotation: in Quaternion [0.000, 0.000, -0.685, 0.728]
- Rotation: in RPY (radian) [0.000, 0.000, -1.510]
- Rotation: in RPY (degree) [0.000, 0.000, -86.507]
- Matrix:
  0.061  0.998  0.000  2.005
 -0.998  0.061 -0.000 -0.679
 -0.000  0.000  1.000  0.000
  0.000  0.000  0.000  1.000
At time 1730641498.575131667
- Translation: [1.866, -1.511, 0.000]
- Rotation: in Quaternion [0.000, 0.000, -0.351, 0.936]
- Rotation: in RPY (radian) [0.000, 0.000, -0.717]
- Rotation: in RPY (degree) [0.000, 0.000, -41.100]
- Matrix:
  0.754  0.657  0.000  1.866
 -0.657  0.754 -0.000 -1.511
 -0.000  0.000  1.000  0.000
  0.000  0.000  0.000  1.000
At time 1730641499.567105491
- Translation: [0.116, -1.117, 0.000]
- Rotation: in Quaternion [0.000, 0.000, 0.226, 0.974]
- Rotation: in RPY (radian) [0.000, -0.000, 0.456]
- Rotation: in RPY (degree) [0.000, -0.000, 26.123]
- Matrix:
  0.898 -0.440  0.000  0.116
  0.440  0.898  0.000 -1.117
  0.000  0.000  1.000  0.000
  0.000  0.000  0.000  1.000
At time 1730641500.575470065
- Translation: [1.552, -2.333, 0.000]
- Rotation: in Quaternion [0.000, 0.000, 0.843, 0.537]
- Rotation: in RPY (radian) [0.000, -0.000, 2.007]
- Rotation: in RPY (degree) [0.000, -0.000, 115.006]
- Matrix:
 -0.423 -0.906  0.000  1.552
  0.906 -0.423  0.000 -2.333
  0.000  0.000  1.000  0.000
  0.000  0.000  0.000  1.000
At time 1730641501.567619758
- Translation: [3.462, -0.979, 0.000]
- Rotation: in Quaternion [0.000, 0.000, 0.994, 0.109]
- Rotation: in RPY (radian) [0.000, -0.000, 2.923]
- Rotation: in RPY (degree) [0.000, -0.000, 167.497]
- Matrix:
 -0.976 -0.216  0.000  3.462
  0.216 -0.976  0.000 -0.979
  0.000  0.000  1.000  0.000
  0.000  0.000  0.000  1.000
At time 1730641502.575160103
- Translation: [3.820, -0.139, 0.000]
- Rotation: in Quaternion [0.000, 0.000, 1.000, -0.018]
- Rotation: in RPY (radian) [0.000, -0.000, -3.105]
- Rotation: in RPY (degree) [0.000, -0.000, -177.890]
- Matrix:
 -0.999  0.037  0.000  3.820
 -0.037 -0.999  0.000 -0.139
  0.000  0.000  1.000  0.000
  0.000  0.000  0.000  1.000
At time 1730641503.567600035
- Translation: [3.716, 0.104, 0.000]
- Rotation: in Quaternion [0.000, 0.000, 0.998, 0.061]
- Rotation: in RPY (radian) [0.000, -0.000, 3.019]
- Rotation: in RPY (degree) [0.000, -0.000, 172.969]
- Matrix:
 -0.992 -0.122  0.000  3.716
  0.122 -0.992  0.000  0.104
  0.000  0.000  1.000  0.000
  0.000  0.000  0.000  1.000
At time 1730641504.574891684
- Translation: [0.618, 0.812, 0.000]
- Rotation: in Quaternion [0.000, 0.000, 0.967, 0.256]
- Rotation: in RPY (radian) [0.000, -0.000, 2.624]
- Rotation: in RPY (degree) [0.000, -0.000, 150.318]
- Matrix:
 -0.869 -0.495  0.000  0.618
  0.495 -0.869  0.000  0.812
  0.000  0.000  1.000  0.000
  0.000  0.000  0.000  1.000
At time 1730641505.567400025
- Translation: [0.985, 2.165, 0.000]
- Rotation: in Quaternion [0.000, 0.000, 0.623, 0.782]
- Rotation: in RPY (radian) [0.000, -0.000, 1.345]
- Rotation: in RPY (degree) [0.000, -0.000, 77.090]
- Matrix:
  0.223 -0.975  0.000  0.985
  0.975  0.223  0.000  2.165
  0.000  0.000  1.000  0.000
  0.000  0.000  0.000  1.000
At time 1730641506.575561948
- Translation: [3.183, 1.306, 0.000]
- Rotation: in Quaternion [0.000, 0.000, 0.159, 0.987]
- Rotation: in RPY (radian) [0.000, -0.000, 0.320]
- Rotation: in RPY (degree) [0.000, -0.000, 18.349]
- Matrix:
  0.949 -0.315  0.000  3.183
  0.315  0.949  0.000  1.306
  0.000  0.000  1.000  0.000
  0.000  0.000  0.000  1.000
At time 1730641507.567630740
- Translation: [3.756, 0.211, 0.000]
- Rotation: in Quaternion [0.000, 0.000, -0.020, 1.000]
- Rotation: in RPY (radian) [0.000, 0.000, -0.041]
- Rotation: in RPY (degree) [0.000, 0.000, -2.340]
- Matrix:
  0.999  0.041  0.000  3.756
 -0.041  0.999 -0.000  0.211
 -0.000  0.000  1.000  0.000
  0.000  0.000  0.000  1.000
At time 1730641508.575107626
- Translation: [3.621, -0.126, 0.000]
- Rotation: in Quaternion [0.000, 0.000, -0.045, 0.999]
- Rotation: in RPY (radian) [0.000, 0.000, -0.090]
- Rotation: in RPY (degree) [0.000, 0.000, -5.131]
- Matrix:
  0.996  0.089  0.000  3.621
 -0.089  0.996 -0.000 -0.126
 -0.000  0.000  1.000  0.000
  0.000  0.000  0.000  1.000
At time 1730641509.566840714
- Translation: [1.971, -0.047, 0.000]
- Rotation: in Quaternion [0.000, 0.000, -0.030, 1.000]
- Rotation: in RPY (radian) [0.000, 0.000, -0.059]
- Rotation: in RPY (degree) [0.000, 0.000, -3.409]
- Matrix:
  0.998  0.059  0.000  1.971
 -0.059  0.998 -0.000 -0.047
 -0.000  0.000  1.000  0.000
  0.000  0.000  0.000  1.000
At time 1730641510.574865640
- Translation: [0.977, -0.012, 0.000]
- Rotation: in Quaternion [0.000, 0.000, -0.018, 1.000]
- Rotation: in RPY (radian) [0.000, 0.000, -0.035]
- Rotation: in RPY (degree) [0.000, 0.000, -2.030]
- Matrix:
  0.999  0.035  0.000  0.977
 -0.035  0.999 -0.000 -0.012
 -0.000  0.000  1.000  0.000
  0.000  0.000  0.000  1.000
At time 1730641511.566630222
- Translation: [0.486, -0.003, 0.000]
- Rotation: in Quaternion [0.000, 0.000, -0.012, 1.000]
- Rotation: in RPY (radian) [0.000, 0.000, -0.023]
- Rotation: in RPY (degree) [0.000, 0.000, -1.344]
- Matrix:
  1.000  0.023  0.000  0.486
 -0.023  1.000 -0.000 -0.003
 -0.000  0.000  1.000  0.000
  0.000  0.000  0.000  1.000
